0 0.590073 0.200739 0.125361 0.183265
0 0.240615 0.235988 0.141035 0.230249
0 0.148154 0.373433 0.159844 0.166808
0 0.103491 0.224209 0.120674 0.117526
0 0.072148 0.144348 0.067383 0.098682
0 0.016880 0.136127 0.033760 0.152723
0 0.200649 0.631874 0.214697 0.265505
0 0.425532 0.570783 0.109697 0.284290
0 0.738169 0.635395 0.236631 0.206750
0 0.818086 0.416896 0.126934 0.187965
0 0.886255 0.305300 0.084619 0.199707
0 0.711523 0.206618 0.092461 0.138624
0 0.810249 0.201918 0.070518 0.143309
0 0.759321 0.164327 0.078350 0.133924
0 0.583818 0.063294 0.100313 0.119824
0 0.402808 0.132606 0.089326 0.155081
0 0.488213 0.167848 0.075215 0.178565
0 0.513286 0.203089 0.062686 0.159766
0 0.392617 0.374605 0.172383 0.173865
0 0.196733 0.090322 0.094033 0.079883
0 0.033052 0.607160 0.066104 0.321406
