0 0.557881 0.599948 0.048066 0.081016
0 0.507363 0.650007 0.063477 0.118503
0 0.413506 0.756413 0.062578 0.101576
0 0.303770 0.837435 0.109727 0.089479
0 0.104258 0.719538 0.098848 0.146315
0 0.238472 0.642142 0.069834 0.110039
0 0.290620 0.658470 0.056221 0.094310
0 0.356367 0.572617 0.060762 0.096745
0 0.389473 0.532715 0.056230 0.084648
0 0.421655 0.538757 0.048037 0.079805
0 0.457490 0.497630 0.039902 0.070104
0 0.434814 0.433568 0.025391 0.053203
0 0.393101 0.420267 0.036279 0.043529
0 0.299238 0.480117 0.048066 0.076172
0 0.226230 0.501882 0.054414 0.088268
0 0.138267 0.559922 0.072549 0.088281
0 0.018555 0.429329 0.032656 0.088268
0 0.061636 0.404544 0.040811 0.067708
0 0.141440 0.393672 0.037178 0.074948
0 0.163203 0.384590 0.028105 0.054414
0 0.243086 0.386829 0.037539 0.052930
0 0.184956 0.360827 0.025518 0.037852
0 0.291196 0.374681 0.029521 0.041263
0 0.303228 0.352572 0.025146 0.040872
0 0.353335 0.336042 0.024053 0.039896
0 0.390327 0.379323 0.028057 0.035964
0 0.388506 0.349655 0.023691 0.023372
0 0.461689 0.403086 0.023691 0.047135
0 0.476084 0.397734 0.023320 0.044219
0 0.498862 0.389473 0.020771 0.039362
0 0.465879 0.341367 0.018945 0.024792
0 0.426333 0.313672 0.022959 0.028672
0 0.414492 0.353516 0.019687 0.025755
0 0.568657 0.340879 0.017490 0.030612
0 0.529478 0.376602 0.027334 0.036927
0 0.573027 0.420820 0.018223 0.034010
0 0.539683 0.427624 0.032432 0.039857
0 0.501782 0.464551 0.027334 0.025273
0 0.525649 0.509993 0.042275 0.042279
0 0.551709 0.475736 0.036074 0.037904
0 0.579590 0.414746 0.010938 0.028659
0 0.589980 0.412559 0.019316 0.029154
0 0.601279 0.385104 0.019316 0.025755
0 0.612754 0.376595 0.018223 0.029154
0 0.626582 0.354466 0.018906 0.025703
0 0.599639 0.540846 0.029883 0.054427
0 0.635898 0.489824 0.033887 0.036940
0 0.679282 0.472070 0.024443 0.041276
0 0.664507 0.563229 0.050283 0.071979
0 0.852021 0.450221 0.036074 0.091849
0 0.653027 0.256634 0.018223 0.029961
0 0.676108 0.375085 0.020654 0.028763
0 0.676562 0.409303 0.021563 0.025924
0 0.660317 0.411934 0.017002 0.029570
0 0.726226 0.390267 0.022471 0.035638
0 0.699038 0.388242 0.019131 0.025104
0 0.713794 0.361315 0.020088 0.017422
0 0.820693 0.300924 0.018223 0.029349
0 0.897129 0.343952 0.019746 0.026315
0 0.915854 0.436413 0.020752 0.031055
0 0.889536 0.404017 0.017725 0.021602
0 0.944839 0.413470 0.023037 0.029023
0 0.927246 0.430508 0.022773 0.030026
0 0.919780 0.396087 0.026064 0.017878
0 0.963057 0.513522 0.025059 0.044883
0 0.849224 0.753001 0.087061 0.105924
